33757054419
33757052340
33757054429
33757054435
33644624798
33757055960
33757053621
33756497041
33757054410
33757052342
33757053554
33757054312
33757052287
33756497054
33757053583
33757056026
33757053540
33757050579
33756498148
33757054511
33757054427
33757050565
33757056074
33757055993
33756498119
33757054441
33757054354
33757052314
33757052321
33757052313
33757053694
33757050574
33757056011
33757053534
33756497064
33757052319
33757054561
33757055840
33757053693
33756498153
33757050557
33757054573
33756497068
33756497028
33757054544
33644624876
33757055904
33757054450
33757055838
33757054321
33757052232
33757054359
33757052356
33757053532
33757054537
33757053582
33757053588
33757052341
33757050508
33757052274
33757054301
33757052338
33757053517
33757054509
33757052326
33757053594
33757052272
33756498146
33757053664
33756498132
33757056048
33757050527
33757054342
33757053676
33757052231
33757052205
33756498157
33757053556
33757056079
33757050583
33756498170
33757050541
33757055839
33757053663
33756498196
33757050588
33757053605
33757053567
33757050558
33756498134
33757054333
33757054433
33757054463
33756498199
33757056071
33757053596
33757050549
33757050566
33756497090
33757052332
33757056020
33756497043
33757050530
33757052377
33757054540
33757052376
33757053599
33757054393
33757056069
33757055809
33756498150
33756497059
33757052375
33757053612
33757052379
33756498144
33756498165
33644623992
33756497082
33757054390
33757053553
33757054554
33757056039
33757055987
33757055849
33644627006
33756497024
33757054485
33757054404
33757053680
33756493544
33757052224
33644626703
33757054575
33756498154
33757052294
33757053577
33757056002
33757050556
33757052203
33757053636
33756498121
33757053651
33757052296
33757055919
33757053580
33757052254
33756497061
33757053604
33757050518
33756497058
33757055927
33757050577
33757052301
33757052300
33757053575
33756498195
33757052310
33757053633
33757054353
33757052353
33757050546
33757054411
33756498112
33757052364
33757055928
33756498136
33757050517
33756498123
33757055971
33756497004
33757054562
33757055829
33757053536
33756495049
33757054317
33757055822
33757052210
33757054557
33757052212
33756498149
33757055957
33757050570
33757053683
33756497079
33757055992
33757050568
33757054474
33757055955
33757054538
33757056041
33757053548
33756498107
33756497093
33756498131
33757053515
33757056031
33757054357
33757054309
33757053653
33756498114
33757052226
33756498108
33757055961
33757053560
33756497072
33757053642
33757050547
33756497051
33757055801
33756497048
33757052219
33757053626
33757052388
33757053564
33757056077
33757054377
33757050531
33757054478
33757053545
33756497033
33757052266
33757053521
33757052323
33757050505
33757054415
33757053512
33756498125
33757054369
33756497025
33757053562
33757054318
33757054448
33757053563
33756497040
33757052243
33757054334
33757054351
33644628029
33757053610
33756497034
33757055921
33757054543
33756497015
33757054503
33757052248
33644626702
33756497076
33756497032
33757054355
33757055901
33757052277
33757052247
33756498100
33756498110
33757056043
33757054532
33756498187
33757050532
33756498137
33757055818
33757056082
33756498160
33757050514
33757050529
33757052327
33757053523
33757054487
33757053606
33757055982
33757054306
33757052302
33757056065
33756497077
33757050506
33756498198
33757052298
33757053625
33757053632
33756498101
33757053639
33757053666
33757055815
33757054525
33757054383
33757054380
33756498182
33644624763
33757054496
33757053699
33756497007
33757055846
33757052334
33757054527
33757056078
33757053618
33756498138
33757054453
33757054434
33757054424
33757053682
33757054507
33757055830
33757056037
33757054375
33756498193
33757052343
33757054332
33757053698
33757055991
33757053691
33756498197
33756497086
33756497019
33756497037
33757056014
33757053659
33757052358
33757052384
33757054514
33757052297
33757056055
33757053574
33757055910
33757055827
33756493539
33757054520
33757053640
33757050509
33757052309
33757056022
33757056099
33757054323
33756498139
33757052362
33756497089
33757052312
33756497014
33757055944
33757056016
33756498162
33757056034
33757055989
33757054524
33757050569
33757052304
33757050542
33757056025
33757054382
33757050594
33757052318
33757055823
33756498189
33757054513
33756496090
33757054465
33757055942
33757055800
33757054492
33757053549
33757053630
33756497091
33757054464
33757056049
33757052382
33757054320
33757055902
33757055843
33757052371
33757056027
33757053631
33757052202
33757053617
33757052265
33757056010
33757054529
33757053685
33757054515
33757054530
33757053656
33757052316
33756493636
33757050503
33756497021
33756498118
33757056075
33757050589
33757050586
33756497055
33757053530
33757054392
33757054517
33757054452
33757053581
33756497062
33756497063
33756497035
33757054397
33756497070
33757054472
33757050534
33756497081
33757050539
33757050543
33756490721
33757050578
33757050554
33757054548
33757053537
33757054437
33756497042
33757052216
33757053615
33757055905
33757056087
33756497009
33757054303
33757052242
33757052339
33757054563
33757050552
33757053586
33757054413
33757054576
33757052261
33757054541
33757053571
33757054438
33757054482
33756498102
33757052331
33756498151
33757050502
33757050507
33757052306
33757056092
33757054442
33757054470
33757052366
33756498188
33756497087
33644628065
33757054484
33757054365
33757054344
33757052259
33757052349
33757053519
33757054439
33757054400
33757055803
33757053688
33757054451
33757055930
33757056088
33757054502
33644626704
33757056081
33757053668
33757054345
33757054416
33757052256
33757052378
33757052337
33757050575
33756497000
33757055943
33757054469
33756497056
33757052282
33756497071
33757053516
33757054389
33757054446
33757052311
33757056057
33757055903
33756498191
33756497030
33757053660
33757056042
33757055834
33757052201
33757055848
33757053638
33757055977
33756497088
33757055817
33756493587
33757056032
33756498152
33757054373
33756498105
33757054473
33757052317
33757054330
33757055920
33757052363
33756498156
33757053518
33757050510
33757055907
33757054431
33756493570
33756498190
33756498124
33757054558
33756493729
33757055912
33757053667
33756494519
33757054447
33757056004
33757052270
33756497022
33757055952
33757054534
33757054325
33757052325
33757055936
33757052286
33757052348
33756497031
33757053655
33756498174
33757056007
33757056060
33757055841
33757053558
33757055913
33757052211
33757054546
33757054443
33756497036
33757054418
33756498185
33757054395
33757054388
33756497008
33757052336
33756498104
33757053541
33757052275
33756498163
33757050571
33757050581
33757052387
33757054578
33757054565
33756497029
33757056019
33757052227
33757054385
33757052208
33757055925
33756498140
33757052268
33757053555
33757054521
33757055813
33756490820
33757056021
33757053635
33757055948
33757054420
33757054423
33757052223
33757056035
33757054409
33757054574
33757052359
33757053592
33757054326
33757055911
33757052357
33757056051
33757054476
33757053546
33757056096
33757052303
33757054553
33757053584
33757052369
33756498168
33757054471
33757053607
33756498109
33757055819
33757054394
33757054462
33757054374
33757056061
33757053539
33757055833
33756497012
33757055914
33757053650
33757054528
33757052381
33757056097
33757050520
33757050584
33757054408
33757054567
33757052307
33757054526
33757054542
33757053695
33757054549
33757053662
33757054313
33757050585
33756497057
33757054366
33757054501
33756497050
33757052214
33757052279
33757055965
33756494506
33757056023
33757050525
33757053531
33757053513
33757054363
33757053669
33757050526
33756498145
33756498167
33756497026
33756498179
33757053557
33757053528
33757055924
33757050538
33757053654
33757053619
33757055932
33757054364
33757053568
33757055806
33757053647
33757052372
33757056095
33757052360
33757053600
33756496000
33757054508
33757053675
33757056018
33757052290
33757054499
33757054378
33757056047
33757056098
33757052246
33757054335
33757052370
33757052240
33757056070
33757052234
33757055933
33757052344
33757052230
33757050564
33757055962
33756498181
33757050544
33757053661
33757056045
33757055915
33756498176
33757053601
33757052386
33757054489
33757054458
33757056073
33757054457
33757055976
33757055900
33757053616
33757052206
33757050593
33757055970
33757053641
33757056084
33757054329
33757050550
33757054488
33757053527
33757053569
33757055832
33757054500
33757055816
33757055940
33756495082
33757052207
33757052346
33757054368
33757052217
33757056076
33757054322
33757053535
33757053649
33757050563
33644626711
33756498103
33757052239
33757054304
33757054523
33757053674
33757052257
33757052288
33757050504
33757053542
33757050553
33757054559
33757052329
33757056089
33757054445
33757054352
33757054432
33757053611
33756498142
33757055837
33757052305
33757053511
33757054545
33757054568
33757054551
33757055938
33757050519
33757050567
33757054555
33757054449
33757053552
33757052295
33757050521
33756498171
33756497020
33757052308
33756497018
33757052253
33757052229
33757055842
33756497044
33757052352
33757054370
33757054302
33757055951
33757056053
33757053646
33757054324
33757053692
33757055826
33756497017
33757054331
33757055980
33757054327
33757053696
33757050528
33757050560
33757053608
33757050535
33757053510
33757054311
33757054460
33757056059
33757054417
33757054493
33756494503
33757052355
33757050572
33757053585
33757052269
33757052333
33757054406
33756493605
33757054343
33757054455
33756498115
33757054412
33757052281
33756498111
33757050500
33756497075
33757054336
33757050513
33757054350
33757052291
33756498122
33757056086
33757052373
33757056030
33757056046
33757052285
33757050591
33757052280
33757054425
33757052249
33757053526
33757052276
33757053591
33757054491
33757055985
33757053637
33757052264
33756493543
33757050551
33757054414
33757054486
33756497006
33757055909
33757055986
33757052218
33757053579
33756497092
33757054362
33756498186
33756497083
33757055811
33757056072
33757052374
33644624854
33757055820
33756493747
33756498141
33757053645
33757056063
33757050576
33757053578
33757053624
33756498147
33756498166
33757056080
33757050545
33757050511
33757056085
33757056038
33757054421
33757053566
33757054531
33757054459
33756498175
33757050512
33756497001
33757052200
33756497094
33757054358
33757054319
33757054466
33757054341
33757053547
33757052225
33757052209
33756497045
33757055935
33757053689
33757054454
33756498164
33757054539
33757052292
33757050501
33757054328
33756497060
33757055941
33757054518
33757050548
33757055821
33757056003
33757054348
33757054340
33757052204
33757053677
33757050540
33757053524
33757050533
33757055937
33757054522
33757054372
33757054347
33757054387
33756498184
33757052262
33757052273
33757056093
33757053529
33757050587
33757054403
33757054570
33756497074
33757054533
33757056000
33757053671
33757052361
33756498143
33757053598
33757053551
33757053602
33757053603
33757054398
33757054481
33757056044
33757053522
33757052220
33757052250
33756497023
33757056033
33757052237
33757054510
33756497084
33757055929
33757054314
33757053620
33757054480
33757054505
33757055923
33757054519
33757054569
33756498161
33757052236
33757055972
33757054564
33756495059
33757052284
33757053628
33756493609
33757054402
33757052385
33757056052
33757055995
33757054560
33757053627
33757053543
33757054405
33757052335
33757054399
